32   117   132   3     32   
48   26    132   12    32    
49   102   132   7     32    
50   232   99    12    32    
51   93    132   8     32    
52   219   99    12    32    
53   84    132   8     32    
54   39    132   11    32    
55   0     132   12    32    
56   63    132   10    32    
57   206   99    12    32    
65   122   0     23    32    
66   178   66    15    32    
67   91    66    17    32    
68   64    33    20    32    
69   150   99    13    32    
70   178   99    13    32    
71   55    66    17    32    
72   206   33    18    32    
73   74    132   9     32    
74   244   33    11    32    
75   148   33    19    32    
76   47    99    14    32    
77   194   0     22    32    
78   217   0     21    32    
79   170   0     23    32    
80   194   66    15    32    
81   146   0     23    32    
82   98    0     23    32    
83   32    99    14    32    
84   85    33    20    32    
85   106   33    20    32    
86   127   33    20    32    
87   0     0     25    32    
88   73    66    17    32    
89   109   66    17    32    
90   210   66    15    32    
97   62    99    14    32    
98   13    132   12    32    
99   226   66    15    32    
100  161   66    16    32    
101  242   66    13    32    
102  122   99    13    32    
103  0     99    15    32    
104  144   66    16    32    
105  110   132   6     32    
106  245   99    10    32    
107  127   66    16    32    
108  136   99    13    32   
109  0     33    21    32   
110  225   33    18    32    
111  0     66    18    32   
112  192   99    13    32   
113  43    33    20    32   
114  239   0     16    32   
115  51    132   11    32    
116  164   99    13    32    
117  19    66    17    32    
118  168   33    18    32   
119  22    33    20    32    
120  37    66    17    32   
121  16    99    15    32    
122  77    99    14    32   
196  74    0     23    32    
197  50    0     23    32   
214  26    0     23    32   
228  92    99    14    32   
229  107   99    14    32   
246  187   33    18    32   